111222
112122
112212
112221
112223
112224
112225
112226
112227
112228
112232
112242
112252
112262
112272
112282
112322
112422
112522
112622
112722
112822
113222
114222
115222
116222
117222
118222
121122
121212
121221
121223
121224
121225
121226
121227
121228
121232
121242
121252
121262
121272
121282
121322
121422
121522
121622
121722
121822
122112
122121
122123
122124
122125
122126
122127
122128
122132
122142
122152
122162
122172
122182
122211
122213
122214
122215
122216
122217
122218
122231
122233
122234
122235
122236
122237
122238
122241
122243
122244
122245
122246
122247
122248
122251
122253
122254
122255
122256
122257
122258
122261
122263
122264
122265
122266
122267
122268
122271
122273
122274
122275
122276
122277
122278
122281
122283
122284
122285
122286
122287
122288
122312
122321
122323
122324
122325
122326
122327
122328
122332
122342
122352
122362
122372
122382
122412
122421
122423
122424
122425
122426
122427
122428
122432
122442
122452
122462
122472
122482
122512
122521
122523
122524
122525
122526
122527
122528
122532
122542
122552
122562
122572
122582
122612
122621
122623
122624
122625
122626
122627
122628
122632
122642
122652
122662
122672
122682
122712
122721
122723
122724
122725
122726
122727
122728
122732
122742
122752
122762
122772
122782
122812
122821
122823
122824
122825
122826
122827
122828
122832
122842
122852
122862
122872
122882
123122
123212
123221
123223
123224
123225
123226
123227
123228
123232
123242
123252
123262
123272
123282
123322
123422
123522
123622
123722
123822
124122
124212
124221
124223
124224
124225
124226
124227
124228
124232
124242
124252
124262
124272
124282
124322
124422
124522
124622
124722
124822
125122
125212
125221
125223
125224
125225
125226
125227
125228
125232
125242
125252
125262
125272
125282
125322
125422
125522
125622
125722
125822
126122
126212
126221
126223
126224
126225
126226
126227
126228
126232
126242
126252
126262
126272
126282
126322
126422
126522
126622
126722
126822
127122
127212
127221
127223
127224
127225
127226
127227
127228
127232
127242
127252
127262
127272
127282
127322
127422
127522
127622
127722
127822
128122
128212
128221
128223
128224
128225
128226
128227
128228
128232
128242
128252
128262
128272
128282
128322
128422
128522
128622
128722
128822
131222
132122
132212
132221
132223
132224
132225
132226
132227
132228
132232
132242
132252
132262
132272
132282
132322
132422
132522
132622
132722
132822
133222
134222
135222
136222
137222
138222
141222
142122
142212
142221
142223
142224
142225
142226
142227
142228
142232
142242
142252
142262
142272
142282
142322
142422
142522
142622
142722
142822
143222
144222
145222
146222
147222
148222
151222
152122
152212
152221
152223
152224
152225
152226
152227
152228
152232
152242
152252
152262
152272
152282
152322
152422
152522
152622
152722
152822
153222
154222
155222
156222
157222
158222
161222
162122
162212
162221
162223
162224
162225
162226
162227
162228
162232
162242
162252
162262
162272
162282
162322
162422
162522
162622
162722
162822
163222
164222
165222
166222
167222
168222
171222
172122
172212
172221
172223
172224
172225
172226
172227
172228
172232
172242
172252
172262
172272
172282
172322
172422
172522
172622
172722
172822
173222
174222
175222
176222
177222
178222
181222
182122
182212
182221
182223
182224
182225
182226
182227
182228
182232
182242
182252
182262
182272
182282
182322
182422
182522
182622
182722
182822
183222
184222
185222
186222
187222
188222
211122
211212
211221
211223
211224
211225
211226
211227
211228
211232
211242
211252
211262
211272
211282
211322
211422
211522
211622
211722
211822
212112
212121
212123
212124
212125
212126
212127
212128
212132
212142
212152
212162
212172
212182
212211
212213
212214
212215
212216
212217
212218
212231
212233
212234
212235
212236
212237
212238
212241
212243
212244
212245
212246
212247
212248
212251
212253
212254
212255
212256
212257
212258
212261
212263
212264
212265
212266
212267
212268
212271
212273
212274
212275
212276
212277
212278
212281
212283
212284
212285
212286
212287
212288
212312
212321
212323
212324
212325
212326
212327
212328
212332
212342
212352
212362
212372
212382
212412
212421
212423
212424
212425
212426
212427
212428
212432
212442
212452
212462
212472
212482
212512
212521
212523
212524
212525
212526
212527
212528
212532
212542
212552
212562
212572
212582
212612
212621
212623
212624
212625
212626
212627
212628
212632
212642
212652
212662
212672
212682
212712
212721
212723
212724
212725
212726
212727
212728
212732
212742
212752
212762
212772
212782
212812
212821
212823
212824
212825
212826
212827
212828
212832
212842
212852
212862
212872
212882
213122
213212
213221
213223
213224
213225
213226
213227
213228
213232
213242
213252
213262
213272
213282
213322
213422
213522
213622
213722
213822
214122
214212
214221
214223
214224
214225
214226
214227
214228
214232
214242
214252
214262
214272
214282
214322
214422
214522
214622
214722
214822
215122
215212
215221
215223
215224
215225
215226
215227
215228
215232
215242
215252
215262
215272
215282
215322
215422
215522
215622
215722
215822
216122
216212
216221
216223
216224
216225
216226
216227
216228
216232
216242
216252
216262
216272
216282
216322
216422
216522
216622
216722
216822
217122
217212
217221
217223
217224
217225
217226
217227
217228
217232
217242
217252
217262
217272
217282
217322
217422
217522
217622
217722
217822
218122
218212
218221
218223
218224
218225
218226
218227
218228
218232
218242
218252
218262
218272
218282
218322
218422
218522
218622
218722
218822
221112
221121
221123
221124
221125
221126
221127
221128
221132
221142
221152
221162
221172
221182
221211
221213
221214
221215
221216
221217
221218
221231
221233
221234
221235
221236
221237
221238
221241
221243
221244
221245
221246
221247
221248
221251
221253
221254
221255
221256
221257
221258
221261
221263
221264
221265
221266
221267
221268
221271
221273
221274
221275
221276
221277
221278
221281
221283
221284
221285
221286
221287
221288
221312
221321
221323
221324
221325
221326
221327
221328
221332
221342
221352
221362
221372
221382
221412
221421
221423
221424
221425
221426
221427
221428
221432
221442
221452
221462
221472
221482
221512
221521
221523
221524
221525
221526
221527
221528
221532
221542
221552
221562
221572
221582
221612
221621
221623
221624
221625
221626
221627
221628
221632
221642
221652
221662
221672
221682
221712
221721
221723
221724
221725
221726
221727
221728
221732
221742
221752
221762
221772
221782
221812
221821
221823
221824
221825
221826
221827
221828
221832
221842
221852
221862
221872
221882
222111
222113
222114
222115
222116
222117
222118
222131
222133
222134
222135
222136
222137
222138
222141
222143
222144
222145
222146
222147
222148
222151
222153
222154
222155
222156
222157
222158
222161
222163
222164
222165
222166
222167
222168
222171
222173
222174
222175
222176
222177
222178
222181
222183
222184
222185
222186
222187
222188
222311
222313
222314
222315
222316
222317
222318
222331
222333
222334
222335
222336
222337
222338
222341
222343
222344
222345
222346
222347
222348
222351
222353
222354
222355
222356
222357
222358
222361
222363
222364
222365
222366
222367
222368
222371
222373
222374
222375
222376
222377
222378
222381
222383
222384
222385
222386
222387
222388
222411
222413
222414
222415
222416
222417
222418
222431
222433
222434
222435
222436
222437
222438
222441
222443
222444
222445
222446
222447
222448
222451
222453
222454
222455
222456
222457
222458
222461
222463
222464
222465
222466
222467
222468
222471
222473
222474
222475
222476
222477
222478
222481
222483
222484
222485
222486
222487
222488
222511
222513
222514
222515
222516
222517
222518
222531
222533
222534
222535
222536
222537
222538
222541
222543
222544
222545
222546
222547
222548
222551
222553
222554
222555
222556
222557
222558
222561
222563
222564
222565
222566
222567
222568
222571
222573
222574
222575
222576
222577
222578
222581
222583
222584
222585
222586
222587
222588
222611
222613
222614
222615
222616
222617
222618
222631
222633
222634
222635
222636
222637
222638
222641
222643
222644
222645
222646
222647
222648
222651
222653
222654
222655
222656
222657
222658
222661
222663
222664
222665
222666
222667
222668
222671
222673
222674
222675
222676
222677
222678
222681
222683
222684
222685
222686
222687
222688
222711
222713
222714
222715
222716
222717
222718
222731
222733
222734
222735
222736
222737
222738
222741
222743
222744
222745
222746
222747
222748
222751
222753
222754
222755
222756
222757
222758
222761
222763
222764
222765
222766
222767
222768
222771
222773
222774
222775
222776
222777
222778
222781
222783
222784
222785
222786
222787
222788
222811
222813
222814
222815
222816
222817
222818
222831
222833
222834
222835
222836
222837
222838
222841
222843
222844
222845
222846
222847
222848
222851
222853
222854
222855
222856
222857
222858
222861
222863
222864
222865
222866
222867
222868
222871
222873
222874
222875
222876
222877
222878
222881
222883
222884
222885
222886
222887
222888
223112
223121
223123
223124
223125
223126
223127
223128
223132
223142
223152
223162
223172
223182
223211
223213
223214
223215
223216
223217
223218
223231
223233
223234
223235
223236
223237
223238
223241
223243
223244
223245
223246
223247
223248
223251
223253
223254
223255
223256
223257
223258
223261
223263
223264
223265
223266
223267
223268
223271
223273
223274
223275
223276
223277
223278
223281
223283
223284
223285
223286
223287
223288
223312
223321
223323
223324
223325
223326
223327
223328
223332
223342
223352
223362
223372
223382
223412
223421
223423
223424
223425
223426
223427
223428
223432
223442
223452
223462
223472
223482
223512
223521
223523
223524
223525
223526
223527
223528
223532
223542
223552
223562
223572
223582
223612
223621
223623
223624
223625
223626
223627
223628
223632
223642
223652
223662
223672
223682
223712
223721
223723
223724
223725
223726
223727
223728
223732
223742
223752
223762
223772
223782
223812
223821
223823
223824
223825
223826
223827
223828
223832
223842
223852
223862
223872
223882
224112
224121
224123
224124
224125
224126
224127
224128
224132
224142
224152
224162
224172
224182
224211
224213
224214
224215
224216
224217
224218
224231
224233
224234
224235
224236
224237
224238
224241
224243
224244
224245
224246
224247
224248
224251
224253
224254
224255
224256
224257
224258
224261
224263
224264
224265
224266
224267
224268
224271
224273
224274
224275
224276
224277
224278
224281
224283
224284
224285
224286
224287
224288
224312
224321
224323
224324
224325
224326
224327
224328
224332
224342
224352
224362
224372
224382
224412
224421
224423
224424
224425
224426
224427
224428
224432
224442
224452
224462
224472
224482
224512
224521
224523
224524
224525
224526
224527
224528
224532
224542
224552
224562
224572
224582
224612
224621
224623
224624
224625
224626
224627
224628
224632
224642
224652
224662
224672
224682
224712
224721
224723
224724
224725
224726
224727
224728
224732
224742
224752
224762
224772
224782
224812
224821
224823
224824
224825
224826
224827
224828
224832
224842
224852
224862
224872
224882
225112
225121
225123
225124
225125
225126
225127
225128
225132
225142
225152
225162
225172
225182
225211
225213
225214
225215
225216
225217
225218
225231
225233
225234
225235
225236
225237
225238
225241
225243
225244
225245
225246
225247
225248
225251
225253
225254
225255
225256
225257
225258
225261
225263
225264
225265
225266
225267
225268
225271
225273
225274
225275
225276
225277
225278
225281
225283
225284
225285
225286
225287
225288
225312
225321
225323
225324
225325
225326
225327
225328
225332
225342
225352
225362
225372
225382
225412
225421
225423
225424
225425
225426
225427
225428
225432
225442
225452
225462
225472
225482
225512
225521
225523
225524
225525
225526
225527
225528
225532
225542
225552
225562
225572
225582
225612
225621
225623
225624
225625
225626
225627
225628
225632
225642
225652
225662
225672
225682
225712
225721
225723
225724
225725
225726
225727
225728
225732
225742
225752
225762
225772
225782
225812
225821
225823
225824
225825
225826
225827
225828
225832
225842
225852
225862
225872
225882
226112
226121
226123
226124
226125
226126
226127
226128
226132
226142
226152
226162
226172
226182
226211
226213
226214
226215
226216
226217
226218
226231
226233
226234
226235
226236
226237
226238
226241
226243
226244
226245
226246
226247
226248
226251
226253
226254
226255
226256
226257
226258
226261
226263
226264
226265
226266
226267
226268
226271
226273
226274
226275
226276
226277
226278
226281
226283
226284
226285
226286
226287
226288
226312
226321
226323
226324
226325
226326
226327
226328
226332
226342
226352
226362
226372
226382
226412
226421
226423
226424
226425
226426
226427
226428
226432
226442
226452
226462
226472
226482
226512
226521
226523
226524
226525
226526
226527
226528
226532
226542
226552
226562
226572
226582
226612
226621
226623
226624
226625
226626
226627
226628
226632
226642
226652
226662
226672
226682
226712
226721
226723
226724
226725
226726
226727
226728
226732
226742
226752
226762
226772
226782
226812
226821
226823
226824
226825
226826
226827
226828
226832
226842
226852
226862
226872
226882
227112
227121
227123
227124
227125
227126
227127
227128
227132
227142
227152
227162
227172
227182
227211
227213
227214
227215
227216
227217
227218
227231
227233
227234
227235
227236
227237
227238
227241
227243
227244
227245
227246
227247
227248
227251
227253
227254
227255
227256
227257
227258
227261
227263
227264
227265
227266
227267
227268
227271
227273
227274
227275
227276
227277
227278
227281
227283
227284
227285
227286
227287
227288
227312
227321
227323
227324
227325
227326
227327
227328
227332
227342
227352
227362
227372
227382
227412
227421
227423
227424
227425
227426
227427
227428
227432
227442
227452
227462
227472
227482
227512
227521
227523
227524
227525
227526
227527
227528
227532
227542
227552
227562
227572
227582
227612
227621
227623
227624
227625
227626
227627
227628
227632
227642
227652
227662
227672
227682
227712
227721
227723
227724
227725
227726
227727
227728
227732
227742
227752
227762
227772
227782
227812
227821
227823
227824
227825
227826
227827
227828
227832
227842
227852
227862
227872
227882
228112
228121
228123
228124
228125
228126
228127
228128
228132
228142
228152
228162
228172
228182
228211
228213
228214
228215
228216
228217
228218
228231
228233
228234
228235
228236
228237
228238
228241
228243
228244
228245
228246
228247
228248
228251
228253
228254
228255
228256
228257
228258
228261
228263
228264
228265
228266
228267
228268
228271
228273
228274
228275
228276
228277
228278
228281
228283
228284
228285
228286
228287
228288
228312
228321
228323
228324
228325
228326
228327
228328
228332
228342
228352
228362
228372
228382
228412
228421
228423
228424
228425
228426
228427
228428
228432
228442
228452
228462
228472
228482
228512
228521
228523
228524
228525
228526
228527
228528
228532
228542
228552
228562
228572
228582
228612
228621
228623
228624
228625
228626
228627
228628
228632
228642
228652
228662
228672
228682
228712
228721
228723
228724
228725
228726
228727
228728
228732
228742
228752
228762
228772
228782
228812
228821
228823
228824
228825
228826
228827
228828
228832
228842
228852
228862
228872
228882
231122
231212
231221
231223
231224
231225
231226
231227
231228
231232
231242
231252
231262
231272
231282
231322
231422
231522
231622
231722
231822
232112
232121
232123
232124
232125
232126
232127
232128
232132
232142
232152
232162
232172
232182
232211
232213
232214
232215
232216
232217
232218
232231
232233
232234
232235
232236
232237
232238
232241
232243
232244
232245
232246
232247
232248
232251
232253
232254
232255
232256
232257
232258
232261
232263
232264
232265
232266
232267
232268
232271
232273
232274
232275
232276
232277
232278
232281
232283
232284
232285
232286
232287
232288
232312
232321
232323
232324
232325
232326
232327
232328
232332
232342
232352
232362
232372
232382
232412
232421
232423
232424
232425
232426
232427
232428
232432
232442
232452
232462
232472
232482
232512
232521
232523
232524
232525
232526
232527
232528
232532
232542
232552
232562
232572
232582
232612
232621
232623
232624
232625
232626
232627
232628
232632
232642
232652
232662
232672
232682
232712
232721
232723
232724
232725
232726
232727
232728
232732
232742
232752
232762
232772
232782
232812
232821
232823
232824
232825
232826
232827
232828
232832
232842
232852
232862
232872
232882
233122
233212
233221
233223
233224
233225
233226
233227
233228
233232
233242
233252
233262
233272
233282
233322
233422
233522
233622
233722
233822
234122
234212
234221
234223
234224
234225
234226
234227
234228
234232
234242
234252
234262
234272
234282
234322
234422
234522
234622
234722
234822
235122
235212
235221
235223
235224
235225
235226
235227
235228
235232
235242
235252
235262
235272
235282
235322
235422
235522
235622
235722
235822
236122
236212
236221
236223
236224
236225
236226
236227
236228
236232
236242
236252
236262
236272
236282
236322
236422
236522
236622
236722
236822
237122
237212
237221
237223
237224
237225
237226
237227
237228
237232
237242
237252
237262
237272
237282
237322
237422
237522
237622
237722
237822
238122
238212
238221
238223
238224
238225
238226
238227
238228
238232
238242
238252
238262
238272
238282
238322
238422
238522
238622
238722
238822
241122
241212
241221
241223
241224
241225
241226
241227
241228
241232
241242
241252
241262
241272
241282
241322
241422
241522
241622
241722
241822
242112
242121
242123
242124
242125
242126
242127
242128
242132
242142
242152
242162
242172
242182
242211
242213
242214
242215
242216
242217
242218
242231
242233
242234
242235
242236
242237
242238
242241
242243
242244
242245
242246
242247
242248
242251
242253
242254
242255
242256
242257
242258
242261
242263
242264
242265
242266
242267
242268
242271
242273
242274
242275
242276
242277
242278
242281
242283
242284
242285
242286
242287
242288
242312
242321
242323
242324
242325
242326
242327
242328
242332
242342
242352
242362
242372
242382
242412
242421
242423
242424
242425
242426
242427
242428
242432
242442
242452
242462
242472
242482
242512
242521
242523
242524
242525
242526
242527
242528
242532
242542
242552
242562
242572
242582
242612
242621
242623
242624
242625
242626
242627
242628
242632
242642
242652
242662
242672
242682
242712
242721
242723
242724
242725
242726
242727
242728
242732
242742
242752
242762
242772
242782
242812
242821
242823
242824
242825
242826
242827
242828
242832
242842
242852
242862
242872
242882
243122
243212
243221
243223
243224
243225
243226
243227
243228
243232
243242
243252
243262
243272
243282
243322
243422
243522
243622
243722
243822
244122
244212
244221
244223
244224
244225
244226
244227
244228
244232
244242
244252
244262
244272
244282
244322
244422
244522
244622
244722
244822
245122
245212
245221
245223
245224
245225
245226
245227
245228
245232
245242
245252
245262
245272
245282
245322
245422
245522
245622
245722
245822
246122
246212
246221
246223
246224
246225
246226
246227
246228
246232
246242
246252
246262
246272
246282
246322
246422
246522
246622
246722
246822
247122
247212
247221
247223
247224
247225
247226
247227
247228
247232
247242
247252
247262
247272
247282
247322
247422
247522
247622
247722
247822
248122
248212
248221
248223
248224
248225
248226
248227
248228
248232
248242
248252
248262
248272
248282
248322
248422
248522
248622
248722
248822
251122
251212
251221
251223
251224
251225
251226
251227
251228
251232
251242
251252
251262
251272
251282
251322
251422
251522
251622
251722
251822
252112
252121
252123
252124
252125
252126
252127
252128
252132
252142
252152
252162
252172
252182
252211
252213
252214
252215
252216
252217
252218
252231
252233
252234
252235
252236
252237
252238
252241
252243
252244
252245
252246
252247
252248
252251
252253
252254
252255
252256
252257
252258
252261
252263
252264
252265
252266
252267
252268
252271
252273
252274
252275
252276
252277
252278
252281
252283
252284
252285
252286
252287
252288
252312
252321
252323
252324
252325
252326
252327
252328
252332
252342
252352
252362
252372
252382
252412
252421
252423
252424
252425
252426
252427
252428
252432
252442
252452
252462
252472
252482
252512
252521
252523
252524
252525
252526
252527
252528
252532
252542
252552
252562
252572
252582
252612
252621
252623
252624
252625
252626
252627
252628
252632
252642
252652
252662
252672
252682
252712
252721
252723
252724
252725
252726
252727
252728
252732
252742
252752
252762
252772
252782
252812
252821
252823
252824
252825
252826
252827
252828
252832
252842
252852
252862
252872
252882
253122
253212
253221
253223
253224
253225
253226
253227
253228
253232
253242
253252
253262
253272
253282
253322
253422
253522
253622
253722
253822
254122
254212
254221
254223
254224
254225
254226
254227
254228
254232
254242
254252
254262
254272
254282
254322
254422
254522
254622
254722
254822
255122
255212
255221
255223
255224
255225
255226
255227
255228
255232
255242
255252
255262
255272
255282
255322
255422
255522
255622
255722
255822
256122
256212
256221
256223
256224
256225
256226
256227
256228
256232
256242
256252
256262
256272
256282
256322
256422
256522
256622
256722
256822
257122
257212
257221
257223
257224
257225
257226
257227
257228
257232
257242
257252
257262
257272
257282
257322
257422
257522
257622
257722
257822
258122
258212
258221
258223
258224
258225
258226
258227
258228
258232
258242
258252
258262
258272
258282
258322
258422
258522
258622
258722
258822
261122
261212
261221
261223
261224
261225
261226
261227
261228
261232
261242
261252
261262
261272
261282
261322
261422
261522
261622
261722
261822
262112
262121
262123
262124
262125
262126
262127
262128
262132
262142
262152
262162
262172
262182
262211
262213
262214
262215
262216
262217
262218
262231
262233
262234
262235
262236
262237
262238
262241
262243
262244
262245
262246
262247
262248
262251
262253
262254
262255
262256
262257
262258
262261
262263
262264
262265
262266
262267
262268
262271
262273
262274
262275
262276
262277
262278
262281
262283
262284
262285
262286
262287
262288
262312
262321
262323
262324
262325
262326
262327
262328
262332
262342
262352
262362
262372
262382
262412
262421
262423
262424
262425
262426
262427
262428
262432
262442
262452
262462
262472
262482
262512
262521
262523
262524
262525
262526
262527
262528
262532
262542
262552
262562
262572
262582
262612
262621
262623
262624
262625
262626
262627
262628
262632
262642
262652
262662
262672
262682
262712
262721
262723
262724
262725
262726
262727
262728
262732
262742
262752
262762
262772
262782
262812
262821
262823
262824
262825
262826
262827
262828
262832
262842
262852
262862
262872
262882
263122
263212
263221
263223
263224
263225
263226
263227
263228
263232
263242
263252
263262
263272
263282
263322
263422
263522
263622
263722
263822
264122
264212
264221
264223
264224
264225
264226
264227
264228
264232
264242
264252
264262
264272
264282
264322
264422
264522
264622
264722
264822
265122
265212
265221
265223
265224
265225
265226
265227
265228
265232
265242
265252
265262
265272
265282
265322
265422
265522
265622
265722
265822
266122
266212
266221
266223
266224
266225
266226
266227
266228
266232
266242
266252
266262
266272
266282
266322
266422
266522
266622
266722
266822
267122
267212
267221
267223
267224
267225
267226
267227
267228
267232
267242
267252
267262
267272
267282
267322
267422
267522
267622
267722
267822
268122
268212
268221
268223
268224
268225
268226
268227
268228
268232
268242
268252
268262
268272
268282
268322
268422
268522
268622
268722
268822
271122
271212
271221
271223
271224
271225
271226
271227
271228
271232
271242
271252
271262
271272
271282
271322
271422
271522
271622
271722
271822
272112
272121
272123
272124
272125
272126
272127
272128
272132
272142
272152
272162
272172
272182
272211
272213
272214
272215
272216
272217
272218
272231
272233
272234
272235
272236
272237
272238
272241
272243
272244
272245
272246
272247
272248
272251
272253
272254
272255
272256
272257
272258
272261
272263
272264
272265
272266
272267
272268
272271
272273
272274
272275
272276
272277
272278
272281
272283
272284
272285
272286
272287
272288
272312
272321
272323
272324
272325
272326
272327
272328
272332
272342
272352
272362
272372
272382
272412
272421
272423
272424
272425
272426
272427
272428
272432
272442
272452
272462
272472
272482
272512
272521
272523
272524
272525
272526
272527
272528
272532
272542
272552
272562
272572
272582
272612
272621
272623
272624
272625
272626
272627
272628
272632
272642
272652
272662
272672
272682
272712
272721
272723
272724
272725
272726
272727
272728
272732
272742
272752
272762
272772
272782
272812
272821
272823
272824
272825
272826
272827
272828
272832
272842
272852
272862
272872
272882
273122
273212
273221
273223
273224
273225
273226
273227
273228
273232
273242
273252
273262
273272
273282
273322
273422
273522
273622
273722
273822
274122
274212
274221
274223
274224
274225
274226
274227
274228
274232
274242
274252
274262
274272
274282
274322
274422
274522
274622
274722
274822
275122
275212
275221
275223
275224
275225
275226
275227
275228
275232
275242
275252
275262
275272
275282
275322
275422
275522
275622
275722
275822
276122
276212
276221
276223
276224
276225
276226
276227
276228
276232
276242
276252
276262
276272
276282
276322
276422
276522
276622
276722
276822
277122
277212
277221
277223
277224
277225
277226
277227
277228
277232
277242
277252
277262
277272
277282
277322
277422
277522
277622
277722
277822
278122
278212
278221
278223
278224
278225
278226
278227
278228
278232
278242
278252
278262
278272
278282
278322
278422
278522
278622
278722
278822
281122
281212
281221
281223
281224
281225
281226
281227
281228
281232
281242
281252
281262
281272
281282
281322
281422
281522
281622
281722
281822
282112
282121
282123
282124
282125
282126
282127
282128
282132
282142
282152
282162
282172
282182
282211
282213
282214
282215
282216
282217
282218
282231
282233
282234
282235
282236
282237
282238
282241
282243
282244
282245
282246
282247
282248
282251
282253
282254
282255
282256
282257
282258
282261
282263
282264
282265
282266
282267
282268
282271
282273
282274
282275
282276
282277
282278
282281
282283
282284
282285
282286
282287
282288
282312
282321
282323
282324
282325
282326
282327
282328
282332
282342
282352
282362
282372
282382
282412
282421
282423
282424
282425
282426
282427
282428
282432
282442
282452
282462
282472
282482
282512
282521
282523
282524
282525
282526
282527
282528
282532
282542
282552
282562
282572
282582
282612
282621
282623
282624
282625
282626
282627
282628
282632
282642
282652
282662
282672
282682
282712
282721
282723
282724
282725
282726
282727
282728
282732
282742
282752
282762
282772
282782
282812
282821
282823
282824
282825
282826
282827
282828
282832
282842
282852
282862
282872
282882
283122
283212
283221
283223
283224
283225
283226
283227
283228
283232
283242
283252
283262
283272
283282
283322
283422
283522
283622
283722
283822
284122
284212
284221
284223
284224
284225
284226
284227
284228
284232
284242
284252
284262
284272
284282
284322
284422
284522
284622
284722
284822
285122
285212
285221
285223
285224
285225
285226
285227
285228
285232
285242
285252
285262
285272
285282
285322
285422
285522
285622
285722
285822
286122
286212
286221
286223
286224
286225
286226
286227
286228
286232
286242
286252
286262
286272
286282
286322
286422
286522
286622
286722
286822
287122
287212
287221
287223
287224
287225
287226
287227
287228
287232
287242
287252
287262
287272
287282
287322
287422
287522
287622
287722
287822
288122
288212
288221
288223
288224
288225
288226
288227
288228
288232
288242
288252
288262
288272
288282
288322
288422
288522
288622
288722
288822
311222
312122
312212
312221
312223
312224
312225
312226
312227
312228
312232
312242
312252
312262
312272
312282
312322
312422
312522
312622
312722
312822
313222
314222
315222
316222
317222
318222
321122
321212
321221
321223
321224
321225
321226
321227
321228
321232
321242
321252
321262
321272
321282
321322
321422
321522
321622
321722
321822
322112
322121
322123
322124
322125
322126
322127
322128
322132
322142
322152
322162
322172
322182
322211
322213
322214
322215
322216
322217
322218
322231
322233
322234
322235
322236
322237
322238
322241
322243
322244
322245
322246
322247
322248
322251
322253
322254
322255
322256
322257
322258
322261
322263
322264
322265
322266
322267
322268
322271
322273
322274
322275
322276
322277
322278
322281
322283
322284
322285
322286
322287
322288
322312
322321
322323
322324
322325
322326
322327
322328
322332
322342
322352
322362
322372
322382
322412
322421
322423
322424
322425
322426
322427
322428
322432
322442
322452
322462
322472
322482
322512
322521
322523
322524
322525
322526
322527
322528
322532
322542
322552
322562
322572
322582
322612
322621
322623
322624
322625
322626
322627
322628
322632
322642
322652
322662
322672
322682
322712
322721
322723
322724
322725
322726
322727
322728
322732
322742
322752
322762
322772
322782
322812
322821
322823
322824
322825
322826
322827
322828
322832
322842
322852
322862
322872
322882
323122
323212
323221
323223
323224
323225
323226
323227
323228
323232
323242
323252
323262
323272
323282
323322
323422
323522
323622
323722
323822
324122
324212
324221
324223
324224
324225
324226
324227
324228
324232
324242
324252
324262
324272
324282
324322
324422
324522
324622
324722
324822
325122
325212
325221
325223
325224
325225
325226
325227
325228
325232
325242
325252
325262
325272
325282
325322
325422
325522
325622
325722
325822
326122
326212
326221
326223
326224
326225
326226
326227
326228
326232
326242
326252
326262
326272
326282
326322
326422
326522
326622
326722
326822
327122
327212
327221
327223
327224
327225
327226
327227
327228
327232
327242
327252
327262
327272
327282
327322
327422
327522
327622
327722
327822
328122
328212
328221
328223
328224
328225
328226
328227
328228
328232
328242
328252
328262
328272
328282
328322
328422
328522
328622
328722
328822
331222
332122
332212
332221
332223
332224
332225
332226
332227
332228
332232
332242
332252
332262
332272
332282
332322
332422
332522
332622
332722
332822
333222
334222
335222
336222
337222
338222
341222
342122
342212
342221
342223
342224
342225
342226
342227
342228
342232
342242
342252
342262
342272
342282
342322
342422
342522
342622
342722
342822
343222
344222
345222
346222
347222
348222
351222
352122
352212
352221
352223
352224
352225
352226
352227
352228
352232
352242
352252
352262
352272
352282
352322
352422
352522
352622
352722
352822
353222
354222
355222
356222
357222
358222
361222
362122
362212
362221
362223
362224
362225
362226
362227
362228
362232
362242
362252
362262
362272
362282
362322
362422
362522
362622
362722
362822
363222
364222
365222
366222
367222
368222
371222
372122
372212
372221
372223
372224
372225
372226
372227
372228
372232
372242
372252
372262
372272
372282
372322
372422
372522
372622
372722
372822
373222
374222
375222
376222
377222
378222
381222
382122
382212
382221
382223
382224
382225
382226
382227
382228
382232
382242
382252
382262
382272
382282
382322
382422
382522
382622
382722
382822
383222
384222
385222
386222
387222
388222
411222
412122
412212
412221
412223
412224
412225
412226
412227
412228
412232
412242
412252
412262
412272
412282
412322
412422
412522
412622
412722
412822
413222
414222
415222
416222
417222
418222
421122
421212
421221
421223
421224
421225
421226
421227
421228
421232
421242
421252
421262
421272
421282
421322
421422
421522
421622
421722
421822
422112
422121
422123
422124
422125
422126
422127
422128
422132
422142
422152
422162
422172
422182
422211
422213
422214
422215
422216
422217
422218
422231
422233
422234
422235
422236
422237
422238
422241
422243
422244
422245
422246
422247
422248
422251
422253
422254
422255
422256
422257
422258
422261
422263
422264
422265
422266
422267
422268
422271
422273
422274
422275
422276
422277
422278
422281
422283
422284
422285
422286
422287
422288
422312
422321
422323
422324
422325
422326
422327
422328
422332
422342
422352
422362
422372
422382
422412
422421
422423
422424
422425
422426
422427
422428
422432
422442
422452
422462
422472
422482
422512
422521
422523
422524
422525
422526
422527
422528
422532
422542
422552
422562
422572
422582
422612
422621
422623
422624
422625
422626
422627
422628
422632
422642
422652
422662
422672
422682
422712
422721
422723
422724
422725
422726
422727
422728
422732
422742
422752
422762
422772
422782
422812
422821
422823
422824
422825
422826
422827
422828
422832
422842
422852
422862
422872
422882
423122
423212
423221
423223
423224
423225
423226
423227
423228
423232
423242
423252
423262
423272
423282
423322
423422
423522
423622
423722
423822
424122
424212
424221
424223
424224
424225
424226
424227
424228
424232
424242
424252
424262
424272
424282
424322
424422
424522
424622
424722
424822
425122
425212
425221
425223
425224
425225
425226
425227
425228
425232
425242
425252
425262
425272
425282
425322
425422
425522
425622
425722
425822
426122
426212
426221
426223
426224
426225
426226
426227
426228
426232
426242
426252
426262
426272
426282
426322
426422
426522
426622
426722
426822
427122
427212
427221
427223
427224
427225
427226
427227
427228
427232
427242
427252
427262
427272
427282
427322
427422
427522
427622
427722
427822
428122
428212
428221
428223
428224
428225
428226
428227
428228
428232
428242
428252
428262
428272
428282
428322
428422
428522
428622
428722
428822
431222
432122
432212
432221
432223
432224
432225
432226
432227
432228
432232
432242
432252
432262
432272
432282
432322
432422
432522
432622
432722
432822
433222
434222
435222
436222
437222
438222
441222
442122
442212
442221
442223
442224
442225
442226
442227
442228
442232
442242
442252
442262
442272
442282
442322
442422
442522
442622
442722
442822
443222
444222
445222
446222
447222
448222
451222
452122
452212
452221
452223
452224
452225
452226
452227
452228
452232
452242
452252
452262
452272
452282
452322
452422
452522
452622
452722
452822
453222
454222
455222
456222
457222
458222
461222
462122
462212
462221
462223
462224
462225
462226
462227
462228
462232
462242
462252
462262
462272
462282
462322
462422
462522
462622
462722
462822
463222
464222
465222
466222
467222
468222
471222
472122
472212
472221
472223
472224
472225
472226
472227
472228
472232
472242
472252
472262
472272
472282
472322
472422
472522
472622
472722
472822
473222
474222
475222
476222
477222
478222
481222
482122
482212
482221
482223
482224
482225
482226
482227
482228
482232
482242
482252
482262
482272
482282
482322
482422
482522
482622
482722
482822
483222
484222
485222
486222
487222
488222
511222
512122
512212
512221
512223
512224
512225
512226
512227
512228
512232
512242
512252
512262
512272
512282
512322
512422
512522
512622
512722
512822
513222
514222
515222
516222
517222
518222
521122
521212
521221
521223
521224
521225
521226
521227
521228
521232
521242
521252
521262
521272
521282
521322
521422
521522
521622
521722
521822
522112
522121
522123
522124
522125
522126
522127
522128
522132
522142
522152
522162
522172
522182
522211
522213
522214
522215
522216
522217
522218
522231
522233
522234
522235
522236
522237
522238
522241
522243
522244
522245
522246
522247
522248
522251
522253
522254
522255
522256
522257
522258
522261
522263
522264
522265
522266
522267
522268
522271
522273
522274
522275
522276
522277
522278
522281
522283
522284
522285
522286
522287
522288
522312
522321
522323
522324
522325
522326
522327
522328
522332
522342
522352
522362
522372
522382
522412
522421
522423
522424
522425
522426
522427
522428
522432
522442
522452
522462
522472
522482
522512
522521
522523
522524
522525
522526
522527
522528
522532
522542
522552
522562
522572
522582
522612
522621
522623
522624
522625
522626
522627
522628
522632
522642
522652
522662
522672
522682
522712
522721
522723
522724
522725
522726
522727
522728
522732
522742
522752
522762
522772
522782
522812
522821
522823
522824
522825
522826
522827
522828
522832
522842
522852
522862
522872
522882
523122
523212
523221
523223
523224
523225
523226
523227
523228
523232
523242
523252
523262
523272
523282
523322
523422
523522
523622
523722
523822
524122
524212
524221
524223
524224
524225
524226
524227
524228
524232
524242
524252
524262
524272
524282
524322
524422
524522
524622
524722
524822
525122
525212
525221
525223
525224
525225
525226
525227
525228
525232
525242
525252
525262
525272
525282
525322
525422
525522
525622
525722
525822
526122
526212
526221
526223
526224
526225
526226
526227
526228
526232
526242
526252
526262
526272
526282
526322
526422
526522
526622
526722
526822
527122
527212
527221
527223
527224
527225
527226
527227
527228
527232
527242
527252
527262
527272
527282
527322
527422
527522
527622
527722
527822
528122
528212
528221
528223
528224
528225
528226
528227
528228
528232
528242
528252
528262
528272
528282
528322
528422
528522
528622
528722
528822
531222
532122
532212
532221
532223
532224
532225
532226
532227
532228
532232
532242
532252
532262
532272
532282
532322
532422
532522
532622
532722
532822
533222
534222
535222
536222
537222
538222
541222
542122
542212
542221
542223
542224
542225
542226
542227
542228
542232
542242
542252
542262
542272
542282
542322
542422
542522
542622
542722
542822
543222
544222
545222
546222
547222
548222
551222
552122
552212
552221
552223
552224
552225
552226
552227
552228
552232
552242
552252
552262
552272
552282
552322
552422
552522
552622
552722
552822
553222
554222
555222
556222
557222
558222
561222
562122
562212
562221
562223
562224
562225
562226
562227
562228
562232
562242
562252
562262
562272
562282
562322
562422
562522
562622
562722
562822
563222
564222
565222
566222
567222
568222
571222
572122
572212
572221
572223
572224
572225
572226
572227
572228
572232
572242
572252
572262
572272
572282
572322
572422
572522
572622
572722
572822
573222
574222
575222
576222
577222
578222
581222
582122
582212
582221
582223
582224
582225
582226
582227
582228
582232
582242
582252
582262
582272
582282
582322
582422
582522
582622
582722
582822
583222
584222
585222
586222
587222
588222
611222
612122
612212
612221
612223
612224
612225
612226
612227
612228
612232
612242
612252
612262
612272
612282
612322
612422
612522
612622
612722
612822
613222
614222
615222
616222
617222
618222
621122
621212
621221
621223
621224
621225
621226
621227
621228
621232
621242
621252
621262
621272
621282
621322
621422
621522
621622
621722
621822
622112
622121
622123
622124
622125
622126
622127
622128
622132
622142
622152
622162
622172
622182
622211
622213
622214
622215
622216
622217
622218
622231
622233
622234
622235
622236
622237
622238
622241
622243
622244
622245
622246
622247
622248
622251
622253
622254
622255
622256
622257
622258
622261
622263
622264
622265
622266
622267
622268
622271
622273
622274
622275
622276
622277
622278
622281
622283
622284
622285
622286
622287
622288
622312
622321
622323
622324
622325
622326
622327
622328
622332
622342
622352
622362
622372
622382
622412
622421
622423
622424
622425
622426
622427
622428
622432
622442
622452
622462
622472
622482
622512
622521
622523
622524
622525
622526
622527
622528
622532
622542
622552
622562
622572
622582
622612
622621
622623
622624
622625
622626
622627
622628
622632
622642
622652
622662
622672
622682
622712
622721
622723
622724
622725
622726
622727
622728
622732
622742
622752
622762
622772
622782
622812
622821
622823
622824
622825
622826
622827
622828
622832
622842
622852
622862
622872
622882
623122
623212
623221
623223
623224
623225
623226
623227
623228
623232
623242
623252
623262
623272
623282
623322
623422
623522
623622
623722
623822
624122
624212
624221
624223
624224
624225
624226
624227
624228
624232
624242
624252
624262
624272
624282
624322
624422
624522
624622
624722
624822
625122
625212
625221
625223
625224
625225
625226
625227
625228
625232
625242
625252
625262
625272
625282
625322
625422
625522
625622
625722
625822
626122
626212
626221
626223
626224
626225
626226
626227
626228
626232
626242
626252
626262
626272
626282
626322
626422
626522
626622
626722
626822
627122
627212
627221
627223
627224
627225
627226
627227
627228
627232
627242
627252
627262
627272
627282
627322
627422
627522
627622
627722
627822
628122
628212
628221
628223
628224
628225
628226
628227
628228
628232
628242
628252
628262
628272
628282
628322
628422
628522
628622
628722
628822
631222
632122
632212
632221
632223
632224
632225
632226
632227
632228
632232
632242
632252
632262
632272
632282
632322
632422
632522
632622
632722
632822
633222
634222
635222
636222
637222
638222
641222
642122
642212
642221
642223
642224
642225
642226
642227
642228
642232
642242
642252
642262
642272
642282
642322
642422
642522
642622
642722
642822
643222
644222
645222
646222
647222
648222
651222
652122
652212
652221
652223
652224
652225
652226
652227
652228
652232
652242
652252
652262
652272
652282
652322
652422
652522
652622
652722
652822
653222
654222
655222
656222
657222
658222
661222
662122
662212
662221
662223
662224
662225
662226
662227
662228
662232
662242
662252
662262
662272
662282
662322
662422
662522
662622
662722
662822
663222
664222
665222
666222
667222
668222
671222
672122
672212
672221
672223
672224
672225
672226
672227
672228
672232
672242
672252
672262
672272
672282
672322
672422
672522
672622
672722
672822
673222
674222
675222
676222
677222
678222
681222
682122
682212
682221
682223
682224
682225
682226
682227
682228
682232
682242
682252
682262
682272
682282
682322
682422
682522
682622
682722
682822
683222
684222
685222
686222
687222
688222
711222
712122
712212
712221
712223
712224
712225
712226
712227
712228
712232
712242
712252
712262
712272
712282
712322
712422
712522
712622
712722
712822
713222
714222
715222
716222
717222
718222
721122
721212
721221
721223
721224
721225
721226
721227
721228
721232
721242
721252
721262
721272
721282
721322
721422
721522
721622
721722
721822
722112
722121
722123
722124
722125
722126
722127
722128
722132
722142
722152
722162
722172
722182
722211
722213
722214
722215
722216
722217
722218
722231
722233
722234
722235
722236
722237
722238
722241
722243
722244
722245
722246
722247
722248
722251
722253
722254
722255
722256
722257
722258
722261
722263
722264
722265
722266
722267
722268
722271
722273
722274
722275
722276
722277
722278
722281
722283
722284
722285
722286
722287
722288
722312
722321
722323
722324
722325
722326
722327
722328
722332
722342
722352
722362
722372
722382
722412
722421
722423
722424
722425
722426
722427
722428
722432
722442
722452
722462
722472
722482
722512
722521
722523
722524
722525
722526
722527
722528
722532
722542
722552
722562
722572
722582
722612
722621
722623
722624
722625
722626
722627
722628
722632
722642
722652
722662
722672
722682
722712
722721
722723
722724
722725
722726
722727
722728
722732
722742
722752
722762
722772
722782
722812
722821
722823
722824
722825
722826
722827
722828
722832
722842
722852
722862
722872
722882
723122
723212
723221
723223
723224
723225
723226
723227
723228
723232
723242
723252
723262
723272
723282
723322
723422
723522
723622
723722
723822
724122
724212
724221
724223
724224
724225
724226
724227
724228
724232
724242
724252
724262
724272
724282
724322
724422
724522
724622
724722
724822
725122
725212
725221
725223
725224
725225
725226
725227
725228
725232
725242
725252
725262
725272
725282
725322
725422
725522
725622
725722
725822
726122
726212
726221
726223
726224
726225
726226
726227
726228
726232
726242
726252
726262
726272
726282
726322
726422
726522
726622
726722
726822
727122
727212
727221
727223
727224
727225
727226
727227
727228
727232
727242
727252
727262
727272
727282
727322
727422
727522
727622
727722
727822
728122
728212
728221
728223
728224
728225
728226
728227
728228
728232
728242
728252
728262
728272
728282
728322
728422
728522
728622
728722
728822
731222
732122
732212
732221
732223
732224
732225
732226
732227
732228
732232
732242
732252
732262
732272
732282
732322
732422
732522
732622
732722
732822
733222
734222
735222
736222
737222
738222
741222
742122
742212
742221
742223
742224
742225
742226
742227
742228
742232
742242
742252
742262
742272
742282
742322
742422
742522
742622
742722
742822
743222
744222
745222
746222
747222
748222
751222
752122
752212
752221
752223
752224
752225
752226
752227
752228
752232
752242
752252
752262
752272
752282
752322
752422
752522
752622
752722
752822
753222
754222
755222
756222
757222
758222
761222
762122
762212
762221
762223
762224
762225
762226
762227
762228
762232
762242
762252
762262
762272
762282
762322
762422
762522
762622
762722
762822
763222
764222
765222
766222
767222
768222
771222
772122
772212
772221
772223
772224
772225
772226
772227
772228
772232
772242
772252
772262
772272
772282
772322
772422
772522
772622
772722
772822
773222
774222
775222
776222
777222
778222
781222
782122
782212
782221
782223
782224
782225
782226
782227
782228
782232
782242
782252
782262
782272
782282
782322
782422
782522
782622
782722
782822
783222
784222
785222
786222
787222
788222
811222
812122
812212
812221
812223
812224
812225
812226
812227
812228
812232
812242
812252
812262
812272
812282
812322
812422
812522
812622
812722
812822
813222
814222
815222
816222
817222
818222
821122
821212
821221
821223
821224
821225
821226
821227
821228
821232
821242
821252
821262
821272
821282
821322
821422
821522
821622
821722
821822
822112
822121
822123
822124
822125
822126
822127
822128
822132
822142
822152
822162
822172
822182
822211
822213
822214
822215
822216
822217
822218
822231
822233
822234
822235
822236
822237
822238
822241
822243
822244
822245
822246
822247
822248
822251
822253
822254
822255
822256
822257
822258
822261
822263
822264
822265
822266
822267
822268
822271
822273
822274
822275
822276
822277
822278
822281
822283
822284
822285
822286
822287
822288
822312
822321
822323
822324
822325
822326
822327
822328
822332
822342
822352
822362
822372
822382
822412
822421
822423
822424
822425
822426
822427
822428
822432
822442
822452
822462
822472
822482
822512
822521
822523
822524
822525
822526
822527
822528
822532
822542
822552
822562
822572
822582
822612
822621
822623
822624
822625
822626
822627
822628
822632
822642
822652
822662
822672
822682
822712
822721
822723
822724
822725
822726
822727
822728
822732
822742
822752
822762
822772
822782
822812
822821
822823
822824
822825
822826
822827
822828
822832
822842
822852
822862
822872
822882
823122
823212
823221
823223
823224
823225
823226
823227
823228
823232
823242
823252
823262
823272
823282
823322
823422
823522
823622
823722
823822
824122
824212
824221
824223
824224
824225
824226
824227
824228
824232
824242
824252
824262
824272
824282
824322
824422
824522
824622
824722
824822
825122
825212
825221
825223
825224
825225
825226
825227
825228
825232
825242
825252
825262
825272
825282
825322
825422
825522
825622
825722
825822
826122
826212
826221
826223
826224
826225
826226
826227
826228
826232
826242
826252
826262
826272
826282
826322
826422
826522
826622
826722
826822
827122
827212
827221
827223
827224
827225
827226
827227
827228
827232
827242
827252
827262
827272
827282
827322
827422
827522
827622
827722
827822
828122
828212
828221
828223
828224
828225
828226
828227
828228
828232
828242
828252
828262
828272
828282
828322
828422
828522
828622
828722
828822
831222
832122
832212
832221
832223
832224
832225
832226
832227
832228
832232
832242
832252
832262
832272
832282
832322
832422
832522
832622
832722
832822
833222
834222
835222
836222
837222
838222
841222
842122
842212
842221
842223
842224
842225
842226
842227
842228
842232
842242
842252
842262
842272
842282
842322
842422
842522
842622
842722
842822
843222
844222
845222
846222
847222
848222
851222
852122
852212
852221
852223
852224
852225
852226
852227
852228
852232
852242
852252
852262
852272
852282
852322
852422
852522
852622
852722
852822
853222
854222
855222
856222
857222
858222
861222
862122
862212
862221
862223
862224
862225
862226
862227
862228
862232
862242
862252
862262
862272
862282
862322
862422
862522
862622
862722
862822
863222
864222
865222
866222
867222
868222
871222
872122
872212
872221
872223
872224
872225
872226
872227
872228
872232
872242
872252
872262
872272
872282
872322
872422
872522
872622
872722
872822
873222
874222
875222
876222
877222
878222
881222
882122
882212
882221
882223
882224
882225
882226
882227
882228
882232
882242
882252
882262
882272
882282
882322
882422
882522
882622
882722
882822
883222
884222
885222
886222
887222
888222

Count - 6860